version https://git-lfs.github.com/spec/v1
oid sha256:2ab7d319abe20ac296d5bdeb1d8e1d30acef440dda5d75b5ef2a7034ee201a8e
size 681989
